{
 "cells": [
  {
   "cell_type": "code",
   "execution_count": 8,
   "id": "3897dd24",
   "metadata": {},
   "outputs": [
    {
     "name": "stdout",
     "output_type": "stream",
     "text": [
      "Number of documents loaded: 6\n"
     ]
    }
   ],
   "source": [
    "import os\n",
    "\n",
    "# Function to load text files into a corpus\n",
    "def load_corpus(directory):\n",
    "    corpus = []\n",
    "    filenames = sorted(os.listdir(directory))\n",
    "    for filename in filenames:\n",
    "        if filename.endswith('.txt'):\n",
    "            with open(os.path.join(directory, filename), 'r', encoding='utf-8') as file:\n",
    "                corpus.append(file.read())\n",
    "    return corpus\n",
    "\n",
    "# Load the corpus\n",
    "directory = 'C://Users//AjayG//Downloads//NLP Files//NLP Files//'\n",
    "corpus = load_corpus(directory)\n",
    "\n",
    "# Display the number of documents loaded\n",
    "print(f\"Number of documents loaded: {len(corpus)}\")\n"
   ]
  },
  {
   "cell_type": "code",
   "execution_count": 9,
   "id": "5b2a20ba",
   "metadata": {},
   "outputs": [
    {
     "name": "stdout",
     "output_type": "stream",
     "text": [
      "BoW DTM shape: (6, 8055)\n",
      "TF-IDF DTM shape: (6, 8055)\n"
     ]
    }
   ],
   "source": [
    "from sklearn.feature_extraction.text import CountVectorizer, TfidfVectorizer\n",
    "\n",
    "# Initialize the vectorizers\n",
    "bow_vectorizer = CountVectorizer()\n",
    "tfidf_vectorizer = TfidfVectorizer()\n",
    "\n",
    "# Create the Document-Term Matrix using BoW\n",
    "bow_dtm = bow_vectorizer.fit_transform(corpus)\n",
    "\n",
    "# Create the Document-Term Matrix using TF-IDF\n",
    "tfidf_dtm = tfidf_vectorizer.fit_transform(corpus)\n",
    "\n",
    "# Display the shape of the matrices\n",
    "print(f\"BoW DTM shape: {bow_dtm.shape}\")\n",
    "print(f\"TF-IDF DTM shape: {tfidf_dtm.shape}\")\n"
   ]
  },
  {
   "cell_type": "code",
   "execution_count": 10,
   "id": "d09a1fa2",
   "metadata": {},
   "outputs": [
    {
     "name": "stdout",
     "output_type": "stream",
     "text": [
      "\n",
      "BoW Cosine Distance Matrix:\n",
      "[[0.         0.53802301 0.58331073 0.42462329 0.38855393 0.36745826]\n",
      " [0.53802301 0.         0.69794351 0.58970598 0.47125979 0.51287716]\n",
      " [0.58331073 0.69794351 0.         0.39843401 0.46198249 0.47645155]\n",
      " [0.42462329 0.58970598 0.39843401 0.         0.29234071 0.30632056]\n",
      " [0.38855393 0.47125979 0.46198249 0.29234071 0.         0.27713866]\n",
      " [0.36745826 0.51287716 0.47645155 0.30632056 0.27713866 0.        ]]\n",
      "\n",
      "TF-IDF Cosine Distance Matrix:\n",
      "[[0.         0.78913759 0.77091131 0.66706881 0.65115761 0.64905839]\n",
      " [0.78913759 0.         0.87103214 0.80234511 0.7145532  0.76938004]\n",
      " [0.77091131 0.87103214 0.         0.62656172 0.71390641 0.71235097]\n",
      " [0.66706881 0.80234511 0.62656172 0.         0.56159611 0.56446119]\n",
      " [0.65115761 0.7145532  0.71390641 0.56159611 0.         0.54761421]\n",
      " [0.64905839 0.76938004 0.71235097 0.56446119 0.54761421 0.        ]]\n",
      "\n",
      "BoW Euclidean Distance Matrix:\n",
      "[[   0.           19.92485885   17.97220076   25.05992817 9425.70904495\n",
      "    18.84144368]\n",
      " [  19.92485885    0.           18.27566688   28.51315486 9427.87590075\n",
      "    21.77154106]\n",
      " [  17.97220076   18.27566688    0.           25.86503431 9432.49988073\n",
      "    20.19900988]\n",
      " [  25.05992817   28.51315486   25.86503431    0.         9416.16105427\n",
      "    22.11334439]\n",
      " [9425.70904495 9427.87590075 9432.49988073 9416.16105427    0.\n",
      "  9420.75548987]\n",
      " [  18.84144368   21.77154106   20.19900988   22.11334439 9420.75548987\n",
      "     0.        ]]\n",
      "\n",
      "TF-IDF Euclidean Distance Matrix:\n",
      "[[0.         1.25629422 1.2417015  1.15504875 1.14119027 1.13934928]\n",
      " [1.25629422 0.         1.31987283 1.26676368 1.19545238 1.24046769]\n",
      " [1.2417015  1.31987283 0.         1.11942996 1.19491122 1.19360879]\n",
      " [1.15504875 1.26676368 1.11942996 0.         1.05980764 1.06250759]\n",
      " [1.14119027 1.19545238 1.19491122 1.05980764 0.         1.04653162]\n",
      " [1.13934928 1.24046769 1.19360879 1.06250759 1.04653162 0.        ]]\n",
      "\n",
      "BoW Jaccard Distance Matrix:\n",
      "[[0.         0.9273743  0.86440678 0.89855072 0.99317579 0.91256831]\n",
      " [0.9273743  0.         0.95522388 0.95535714 0.99216281 0.95408163]\n",
      " [0.86440678 0.95522388 0.         0.84210526 0.99708566 0.89473684]\n",
      " [0.89855072 0.95535714 0.84210526 0.         0.99029249 0.8685446 ]\n",
      " [0.99317579 0.99216281 0.99708566 0.99029249 0.         0.99216974]\n",
      " [0.91256831 0.95408163 0.89473684 0.8685446  0.99216974 0.        ]]\n",
      "\n",
      "TF-IDF Jaccard Distance Matrix:\n",
      "[[0.         0.9273743  0.86440678 0.89855072 0.99317579 0.91256831]\n",
      " [0.9273743  0.         0.95522388 0.95535714 0.99216281 0.95408163]\n",
      " [0.86440678 0.95522388 0.         0.84210526 0.99708566 0.89473684]\n",
      " [0.89855072 0.95535714 0.84210526 0.         0.99029249 0.8685446 ]\n",
      " [0.99317579 0.99216281 0.99708566 0.99029249 0.         0.99216974]\n",
      " [0.91256831 0.95408163 0.89473684 0.8685446  0.99216974 0.        ]]\n"
     ]
    }
   ],
   "source": [
    "import numpy as np\n",
    "from sklearn.metrics.pairwise import cosine_distances, euclidean_distances\n",
    "from scipy.spatial.distance import jaccard\n",
    "\n",
    "# Compute cosine distances\n",
    "bow_cosine_dist = cosine_distances(bow_dtm)\n",
    "tfidf_cosine_dist = cosine_distances(tfidf_dtm)\n",
    "\n",
    "# Compute euclidean distances\n",
    "bow_euclidean_dist = euclidean_distances(bow_dtm)\n",
    "tfidf_euclidean_dist = euclidean_distances(tfidf_dtm)\n",
    "\n",
    "# Compute jaccard distances (using binary occurrence for BoW)\n",
    "bow_binary_dtm = bow_dtm > 0\n",
    "tfidf_binary_dtm = tfidf_dtm > 0\n",
    "bow_jaccard_dist = np.array([[jaccard(doc1.toarray()[0], doc2.toarray()[0]) for doc2 in bow_binary_dtm] for doc1 in bow_binary_dtm])\n",
    "tfidf_jaccard_dist = np.array([[jaccard(doc1.toarray()[0], doc2.toarray()[0]) for doc2 in tfidf_binary_dtm] for doc1 in tfidf_binary_dtm])\n",
    "\n",
    "# Function to print distance matrices\n",
    "def print_distance_matrices(matrix, metric_name):\n",
    "    print(f\"\\n{metric_name} Distance Matrix:\")\n",
    "    print(matrix)\n",
    "\n",
    "# Print the distance matrices\n",
    "print_distance_matrices(bow_cosine_dist, \"BoW Cosine\")\n",
    "print_distance_matrices(tfidf_cosine_dist, \"TF-IDF Cosine\")\n",
    "print_distance_matrices(bow_euclidean_dist, \"BoW Euclidean\")\n",
    "print_distance_matrices(tfidf_euclidean_dist, \"TF-IDF Euclidean\")\n",
    "print_distance_matrices(bow_jaccard_dist, \"BoW Jaccard\")\n",
    "print_distance_matrices(tfidf_jaccard_dist, \"TF-IDF Jaccard\")\n"
   ]
  },
  {
   "cell_type": "code",
   "execution_count": null,
   "id": "951ef5d0",
   "metadata": {},
   "outputs": [],
   "source": []
  }
 ],
 "metadata": {
  "kernelspec": {
   "display_name": "Python 3 (ipykernel)",
   "language": "python",
   "name": "python3"
  },
  "language_info": {
   "codemirror_mode": {
    "name": "ipython",
    "version": 3
   },
   "file_extension": ".py",
   "mimetype": "text/x-python",
   "name": "python",
   "nbconvert_exporter": "python",
   "pygments_lexer": "ipython3",
   "version": "3.10.9"
  }
 },
 "nbformat": 4,
 "nbformat_minor": 5
}
